station,lat,lon,height
BETMEU1,50.90,4.39,50
BETN100,50.10,4.59,225
BETN113,50.03,5.59,510
BETN121,49.88,5.20,430
BETR012,50.80,4.36,100
BETR223,50.62,5.51,50
BETR240,50.58,5.40,135
BETR510,50.42,4.52,118
BETR731,51.13,3.74,6
BETR801,51.21,4.43,6
BETR815,51.22,4.33,7
DEBB007,51.46,13.53,89
DEBB021,52.40,13.06,31
DEBB029,53.06,14.29,5
DEBB032,52.15,14.64,40
DEBB044,51.76,14.33,70
DEBB045,52.34,14.54,56
DEBB048,52.93,12.81,43
DEBB049,52.41,12.55,33
DEBB053,52.56,14.02,88
DEBB054,52.39,13.04,31
DEBB055,52.42,12.55,33
DEBB060,52.83,13.82,20
DEBB063,53.00,11.74,22
DEBB064,51.75,14.33,75
DEBB065,52.19,12.56,111
DEBB066,51.90,14.06,52
DEBB067,52.61,12.89,31
DEBB068,52.68,13.58,71
DEBB073,52.39,13.09,32
DEBB075,52.48,13.12,39
DEBB083,51.56,14.38,99
DEBB086,52.35,13.42,43
DEBB087,51.75,14.33,75
DEBE010,52.54,13.35,35
DEBE032,52.47,13.23,50
DEBE034,52.49,13.43,35
DEBE051,52.64,13.49,60
DEBE056,52.45,13.65,35
DEBE061,52.46,13.32,45
DEBE063,52.47,13.44,40
DEBE064,52.48,13.43,40
DEBE065,52.51,13.47,40
DEBE068,52.51,13.42,35
DEBE069,52.44,13.39,50
DEBW004,49.08,8.40,110
DEBW005,49.54,8.47,95
DEBW009,49.42,8.68,110
DEBW010,49.30,8.70,160
DEBW013,48.81,9.23,235
DEBW015,49.17,9.22,152
DEBW019,48.40,9.98,480
DEBW022,48.58,7.80,135
DEBW023,47.59,7.63,275
DEBW024,48.90,9.17,300
DEBW027,48.49,9.21,385
DEBW029,48.85,10.10,420
DEBW031,47.81,7.76,920
DEBW033,48.89,8.67,260
DEBW038,47.66,9.49,402
DEBW039,48.05,8.46,705
DEBW042,48.68,9.23,370
DEBW046,48.09,9.80,560
DEBW052,47.66,9.17,400
DEBW056,49.11,9.73,300
DEBW059,49.63,9.66,177
DEBW073,47.82,7.57,227
DEBW076,48.77,8.22,150
DEBW081,49.03,8.36,113
DEBW084,48.00,7.83,240
DEBW087,48.35,9.21,799
DEBW107,48.51,9.05,320
DEBW112,48.65,8.90,463
DEBY001,49.30,10.57,400
DEBY006,48.36,10.90,492
DEBY007,48.38,10.89,477
DEBY009,49.90,10.89,231
DEBY012,48.18,12.83,420
DEBY021,48.77,11.43,374
DEBY028,48.91,11.88,348
DEBY032,50.10,11.44,303
DEBY033,48.54,12.16,390
DEBY035,47.55,9.69,403
DEBY037,48.14,11.56,521
DEBY039,48.15,11.55,521
DEBY052,48.40,10.01,470
DEBY056,49.47,10.98,293
DEBY063,49.02,12.10,335
DEBY068,50.05,10.23,231
DEBY072,49.44,12.55,755
DEBY077,49.80,9.96,226
DEBY088,48.02,12.54,488
DEBY089,48.17,11.65,513
DEBY093,49.49,11.79,393
DEBY099,48.33,10.90,495
DEBY109,47.97,11.22,700
DEBY110,48.37,10.90,485
DEBY115,48.15,11.54,521
DEBY118,48.57,13.42,300
DEBY119,49.79,9.95,198
DEBY120,49.44,11.04,308
DEBY121,47.65,12.19,469
DEBY122,47.52,10.40,1169
DEHB001,53.09,8.81,10
DEHB004,53.18,8.63,20
DEHB005,53.56,8.57,3
DEHB006,53.08,8.83,7
DEHB011,53.59,8.60,4
DEHB012,53.12,8.73,8
DEHB013,53.12,8.70,4
DEHE001,49.87,8.66,158
DEHE005,50.10,8.54,104
DEHE008,50.13,8.75,100
DEHE011,50.13,8.92,106
DEHE013,51.31,9.48,181
DEHE018,50.01,8.45,90
DEHE020,50.57,8.50,152
DEHE022,50.05,8.24,121
DEHE024,51.29,9.77,610
DEHE028,49.65,8.82,484
DEHE030,50.80,8.77,182
DEHE032,50.97,9.80,204
DEHE037,50.08,8.23,145
DEHE040,49.87,8.65,158
DEHE041,50.12,8.69,119
DEHE043,49.83,8.52,87
DEHE044,50.38,8.06,128
DEHE045,49.67,9.00,209
DEHE046,51.43,8.93,343
DEHE049,51.31,9.49,179
DEHE050,51.36,9.27,489
DEHE051,50.50,9.94,931
DEHE052,50.22,8.45,811
DEHE058,50.55,9.68,272
DEHE059,50.55,9.68,277
DEHE060,51.15,9.03,483
DEHE061,50.58,8.67,162
DEHE062,50.81,8.77,186
DEHE063,49.64,8.64,110
DEHH008,53.56,9.97,15
DEHH015,53.52,10.02,4
DEHH016,53.53,10.08,5
DEHH026,53.56,9.96,20
DEHH033,53.64,10.00,13
DEHH059,53.51,9.99,3
DEHH068,53.59,10.05,12
DEHH070,53.56,9.94,25
DEHH072,53.54,9.84,0
DEHH074,53.54,10.10,18
DEMV003,53.56,13.27,15
DEMV004,53.82,12.06,17
DEMV007,54.16,12.17,5
DEMV012,53.52,14.26,17
DEMV017,53.30,11.36,25
DEMV019,53.78,12.18,17
DEMV020,54.09,12.14,1
DEMV021,54.17,12.08,2
DEMV022,54.09,12.10,9
DEMV023,53.63,11.40,58
DEMV024,53.40,12.46,116
DENI011,52.23,10.47,98
DENI016,51.90,10.48,220
DENI020,52.44,10.82,60
DENI028,51.51,10.24,185
DENI029,53.36,7.21,1
DENI031,53.60,8.09,2
DENI038,52.26,8.05,95
DENI041,52.17,9.06,54
DENI042,51.55,9.95,165
DENI043,52.50,7.32,30
DENI048,52.36,9.72,60
DENI051,51.76,10.61,930
DENI052,52.83,9.62,50
DENI053,53.00,7.94,40
DENI054,52.36,9.71,80
DENI058,53.72,7.21,1
DENI059,53.83,8.80,3
DENI060,52.96,11.17,50
DENI062,53.25,10.46,13
DENI063,53.52,9.69,3
DENI067,52.27,8.04,63
DENI068,51.53,9.93,150
DENI070,52.15,10.46,93
DENI071,51.61,10.42,273
DENI075,52.27,10.54,81
DENI077,51.71,9.55,290
DENW002,51.64,7.33,80
DENW006,51.59,7.57,58
DENW024,51.50,6.98,47
DENW029,51.40,7.21,93
DENW030,51.67,6.63,25
DENW042,51.34,6.64,32
DENW043,51.45,7.03,100
DENW058,50.88,6.87,90
DENW059,50.89,6.99,45
DENW062,50.75,7.08,57
DENW065,50.93,8.19,635
DENW066,51.33,6.20,49
DENW068,51.57,8.15,110
DENW071,51.25,6.73,32
DENW078,51.30,6.82,41
DENW079,51.03,7.01,50
DENW080,51.18,7.05,207
DENW094,50.75,6.09,205
DENW095,51.94,7.61,63
DENW096,51.15,6.43,78
DENW101,51.52,7.46,74
DENW114,51.28,7.23,186
DENW133,51.36,7.46,106
DENW134,51.48,7.01,55
DENW136,51.52,7.48,76
DENW179,51.45,7.58,157
DENW188,51.48,6.86,42
DENW200,52.01,8.55,137
DENW203,51.54,7.15,40
DENW208,51.53,7.08,40
DENW211,50.96,7.00,48
DENW259,51.17,6.44,69
DENW260,51.95,7.62,63
DERP001,49.52,8.40,91
DERP003,49.46,8.43,98
DERP007,50.02,8.22,120
DERP009,49.99,8.27,110
DERP010,50.00,8.26,85
DERP013,49.42,7.29,455
DERP014,49.74,7.19,650
DERP015,50.27,6.38,680
DERP016,50.77,7.97,480
DERP017,49.27,7.83,606
DERP019,49.45,7.77,232
DERP020,49.75,6.65,140
DERP021,50.42,7.48,65
DERP023,49.63,8.36,90
DERP025,49.05,8.25,104
DERP041,49.48,8.44,94
DERP045,50.36,7.59,70
DERP046,50.43,7.46,65
DESH008,54.09,10.24,45
DESH015,53.92,9.53,40
DESH022,54.78,9.44,15
DESH023,53.84,10.70,12
DESH027,54.30,10.14,8
DESH028,53.70,10.78,10
DESH035,53.90,9.16,0
DESL003,49.36,6.73,185
DESL010,49.24,6.95,211
DESL013,49.32,6.75,181
DESL017,49.25,6.87,189
DESL019,49.42,6.55,339
DESL020,49.23,7.00,192
DESN004,51.18,14.44,203
DESN019,50.83,12.54,233
DESN020,51.16,14.97,210
DESN024,50.35,12.47,540
DESN025,51.34,12.38,110
DESN045,50.89,14.82,230
DESN049,50.43,12.61,896
DESN051,51.12,13.68,246
DESN059,51.32,12.30,115
DESN061,51.06,13.74,112
DESN074,50.66,13.47,785
DESN075,50.49,12.14,343
DESN076,51.30,13.01,313
DESN077,51.34,12.33,113
DESN079,51.29,14.75,148
DESN084,51.03,13.73,150
DESN091,50.72,12.49,267
DESN092,51.04,13.73,112
DESN093,50.61,12.21,430
DEST002,52.27,11.86,40
DEST011,51.84,10.79,230
DEST015,51.65,12.30,90
DEST028,51.05,12.14,160
DEST029,51.80,11.74,60
DEST044,51.90,11.06,110
DEST050,51.50,11.98,120
DEST066,51.87,12.66,80
DEST075,51.48,11.98,100
DEST077,52.13,11.61,50
DEST089,52.59,11.17,95
DEST090,51.32,12.03,100
DEST091,51.84,12.24,60
DEST092,51.87,12.60,80
DEST095,51.76,11.45,125
DEST098,51.66,11.04,410
DEST102,51.49,11.98,113
DEST103,52.12,11.63,53
DEST104,51.84,11.89,71
DEST105,52.60,11.85,34
DETH005,50.65,11.37,210
DETH009,50.88,12.07,190
DETH011,50.99,12.44,185
DETH013,50.98,10.32,210
DETH018,51.50,10.79,185
DETH020,50.98,11.04,195
DETH026,50.56,10.38,450
DETH027,50.50,11.13,840
DETH036,50.66,12.21,265
DETH041,50.93,11.60,140
DETH042,51.33,10.87,420
DETH043,50.98,11.02,195
DETH060,50.65,10.67,490
DETH061,50.79,11.66,357
DETH072,50.61,10.69,430
DETH083,50.98,11.33,220
DETH091,51.21,10.45,220
DETH093,50.98,11.32,224
DETH094,51.21,10.47,205
DETH095,51.21,10.45,215
DEUB001,54.92,8.31,12
DEUB004,47.91,7.91,1205
DEUB005,52.80,10.76,74
DEUB028,54.44,12.72,1
DEUB029,50.65,10.77,937
DEUB030,53.14,13.03,65
ES1137A,42.22,-8.74,53
ES1279A,38.68,-4.09,685
ES1365A,38.70,-4.11,685
ES1378A,43.34,-5.99,250
ES1432A,43.18,-6.55,330
ES1433A,43.27,-5.60,267
ES1443A,42.34,-3.64,929
ES1489A,42.88,-3.23,911
ES1530A,43.00,-4.14,850
ES1531A,43.15,-4.26,651
ES1535A,38.98,-1.96,686
ES1572A,43.37,-5.87,286
ES1604A,39.56,2.62,117
ES1627A,37.98,-1.23,80
ES1661A,42.08,-1.63,383
ES1662A,42.31,-1.81,460
ES1672A,42.52,-2.62,480
ES1746A,42.34,-2.23,584
ES1753A,42.34,-2.06,402
ES1779A,42.44,-2.25,336
ES1805A,40.78,-3.70,853
ES1806A,40.29,-3.22,795
ES1827A,39.68,2.69,172
ES1828A,40.01,3.86,30
ES1857A,38.99,-3.94,635
ES1867A,43.48,-8.24,5
ES1901A,42.89,-8.53,260
ES1905A,43.00,-7.55,450
ES1922A,42.02,-4.54,953
ES1942A,40.46,-3.58,619
ES1947A,40.50,-3.69,715
ES1957A,43.38,-8.41,25
ES1967A,40.96,-4.11,952
ES1986A,41.67,-3.69,801
FR02005,43.41,5.05,1
FR02013,43.46,4.93,5
FR02022,43.68,4.63,15
FR04066,48.36,2.24,134
FR05074,49.49,0.10,5
FR06007,50.28,3.97,140
FR06023,50.42,3.55,32
FR07009,45.77,3.09,390
FR08016,43.59,3.89,8
FR09017,45.70,-0.32,29
FR09302,46.14,-0.40,93
FR10004,51.05,2.42,8
FR11016,50.67,3.08,17
FR12026,43.93,2.15,182
FR15017,45.19,5.69,210
FR16017,48.92,8.16,114
FR16038,48.57,7.78,139
FR18035,49.87,2.24,30
FR18039,50.13,1.61,33
FR18043,49.26,2.47,34
FR18050,49.46,2.11,112
FR20045,45.73,4.98,211
FR20046,45.78,4.92,173
FR20061,45.99,4.72,204
FR21001,49.19,-0.39,56
FR21019,49.15,-0.35,22
FR21021,49.15,0.23,56
FR21035,49.64,-1.63,8
FR23124,46.66,-0.74,143
FR23177,47.79,-0.44,50
FR25039,49.02,1.15,65
FR25045,49.92,0.96,80
FR25049,49.31,1.21,21
FR26005,47.31,5.07,255
FR26010,47.35,5.00,350
FR26017,47.00,3.17,178
FR28022,50.31,2.81,90
FR28027,50.44,3.04,20
FR29423,46.04,4.08,259
FR29424,45.42,4.39,552
FR29426,45.48,4.51,366
FR29439,45.48,4.43,520
FR30029,48.19,5.94,379
FR30030,48.62,6.11,230
FR30033,49.07,5.79,225
FR30034,48.69,6.19,200
FR31001,44.86,-0.58,3
FR31007,44.90,-0.52,36
FR31014,43.31,-0.32,227
FR31032,44.19,0.62,50
FR32002,46.82,4.84,187
FR32005,46.67,4.37,312
FR32006,46.32,4.84,190
FR33102,45.60,5.92,383
FR35002,45.89,0.90,227
FR35003,45.83,1.26,301
FR35004,45.16,1.54,121
FR35006,45.26,1.76,264
FR35007,45.87,1.31,333
FR36001,44.87,4.88,109
FR36002,44.93,4.89,125
FR36019,45.04,5.04,150
GB0006R,54.44,-7.90,130
GB0036R,51.57,-1.33,126
GB0043R,51.78,-4.69,169
GB0568A,54.98,-1.61,45
GB0583A,54.57,-1.22,10
GB0598A,50.91,-1.40,7
GB0617A,51.46,0.64,14
GB0620A,51.52,-0.21,5
GB0643A,52.29,-1.53,175
GB0645A,51.48,0.32,8
GB0687A,50.37,-4.14,18
GB0729A,57.16,-2.09,5
GB0733A,50.83,-1.07,5
GB0735A,56.01,-3.73,3
GB0777A,53.35,-2.84,26
GB0839A,55.95,-3.18,81
GB0840A,51.45,-0.94,58
GB0841A,53.59,-0.64,36
GB0884A,51.46,-2.58,15
GB0896A,51.63,-3.95,57
GB0906A,51.58,-3.77,5
GB0920A,51.74,-1.26,60
GB0956A,54.52,-1.36,29
GB0958A,53.39,-2.62,11
GB1005A,50.81,0.27,7
GB1006A,50.92,-0.45,41
NO0063A,58.09,7.59,12
NO0070A,62.47,6.17,21
PL0050A,54.43,18.58,5
PL0094A,52.14,19.23,177
PL0236A,49.74,18.64,345
PL0243A,50.71,19.46,291
PL0244A,52.40,16.96,67
PL0245A,52.42,16.88,84
PL0248A,53.38,14.66,10
PL0251A,53.47,14.56,94
PL0520A,54.47,18.47,143
SE0058A,55.58,13.01,3